################################################################################
#
# Potential database file for CP2K/Quickstep with spin-orbit coupling parameters
# Obtained from https://github.com/cp2k/cp2k/tree/master/data folder (commit:b03fed0)
################################################################################
#
# Pseudopotentials of Goedecker, Teter and Hutter (GTH)
# -----------------------------------------------------
#
# History:    - Creation (26.06.2023, Matthias Krack)
#             - Last update (02.04.2024, MK)
#
# Literature: - S. Goedecker, M. Teter, and J. Hutter,
#               Phys. Rev. B 54, 1703 (1996)
#             - C. Hartwigsen, S. Goedecker, and J. Hutter,
#               Phys. Rev. B 58, 3641 (1998)
#             - M. Krack,
#               Theor. Chem. Acc. 114, 145 (2005)
#
# GTH-potential format:
#
# Element symbol  Name of the potential  Alias names
# n_elec(s)  n_elec(p)  n_elec(d)  ...
# r_loc   nexp_ppl        cexp_ppl(1) ... cexp_ppl(nexp_ppl)
# nprj
# r(1)    nprj_ppnl(1)    ((hprj_ppnl(1,i,j),j=i,nprj_ppnl(1)),i=1,nprj_ppnl(1))
# r(2)    nprj_ppnl(2)    ((hprj_ppnl(2,i,j),j=i,nprj_ppnl(2)),i=1,nprj_ppnl(2))
#                         ((kprj_ppnl(2,i,j),j=i,kprj_ppnl(2)),i=1,nprj_ppnl(2))
#  .       .               .
#  .       .               .
#  .       .               .
# r(nprj) nprj_ppnl(nprj) ((hprj_ppnl(nprj,i,j),j=i,nprj_ppnl(nprj)),
#                                               i=1,nprj_ppnl(nprj))
#                         ((kprj_ppnl(nprj,i,j),j=i,nprj_ppnl(nprj)),
#                                               i=1,nprj_ppnl(nprj))
#
# n_elec   : Number of electrons for each angular momentum quantum number
#            (electronic configuration -> s p d ...)
# r_loc    : Radius for the local part defined by the Gaussian function
#            exponent alpha_erf
# nexp_ppl : Number of the local pseudopotential functions
# cexp_ppl : Coefficients of the local pseudopotential functions
# nprj     : Number of the non-local projectors => nprj = SIZE(nprj_ppnl(:))
# r        : Radius of the non-local part for angular momentum quantum number l
#            defined by the Gaussian function exponents alpha_prj_ppnl
# nprj_ppnl: Number of the non-local projectors for the angular momentum
#            quantum number l
# hprj_ppnl: Coefficients of the non-local projector functions
# kprj_ppnl: Coefficients of the non-local projector functions (spin-orbit part)
#
################################################################################
#
# PBE functional
#
################################################################################
#PSEUDOPOTENTIAL
H GTH-PBE-q1 GTH-PBE
    1
     0.20000000    2    -4.17890044     0.72446331
    0  SOC
#PSEUDOPOTENTIAL
He GTH-PBE-q2 GTH-PBE
    2
     0.20000000    2    -9.12214383     1.70270770
    0  SOC
#PSEUDOPOTENTIAL
Li GTH-PBE-q3 GTH-PBE
    3
     0.40000000    4   -14.08115455     9.62621962    -1.78361605     0.08515207
    0  SOC
#PSEUDOPOTENTIAL
Be GTH-PBE-q4 GTH-PBE
    4
     0.32500000    4   -24.06746684    17.27902186    -3.33910629     0.16554912
    0  SOC
#PSEUDOPOTENTIAL
B GTH-PBE-q3 GTH-PBE
    2    1
     0.41899145    2    -5.85946171     0.90375643
    2  SOC
     0.37132046    1     6.29728018
     0.36456308    1     0.00000000
                         0.00085498
#PSEUDOPOTENTIAL
C GTH-PBE-q4 GTH-PBE
    2    2
     0.33847124    2    -8.80367398     1.33921085
    2  SOC
     0.30257575    1     9.62248665
     0.29150694    1     0.00000000
                         0.00207319
#PSEUDOPOTENTIAL
N GTH-PBE-q5 GTH-PBE
    2    3
     0.28379051    2   -12.41522559     1.86809592
    2  SOC
     0.25540500    1    13.63026257
     0.24549453    1     0.00000000
                         0.00414750
#PSEUDOPOTENTIAL
O GTH-PBE-q6 GTH-PBE
    2    4
     0.24455430    2   -16.66721480     2.48731132
    2  SOC
     0.22095592    1    18.33745811
     0.21133247    1     0.00000000
                         0.00755927
#PSEUDOPOTENTIAL
F GTH-PBE-q7 GTH-PBE
    2    5
     0.21492959    2   -21.57302836     3.19977615
    2  SOC
     0.19468402    1    23.74354045
     0.18615608    1     0.00000000
                         0.01261401
#PSEUDOPOTENTIAL
Ne GTH-PBE-q8 GTH-PBE
    2    6
     0.19000000    2   -27.12015973     4.36044962
    2  SOC
     0.17605938    2    28.17737082     0.83365601
                                       -1.07624528
     0.19547452    1    -0.23629360
                         0.01296979
#PSEUDOPOTENTIAL
Na GTH-PBE-q1
    1
     0.71392610    1    -3.15164518
    2  SOC
     0.76012915    2     1.91260929    -0.16720348
                                        0.21585877
     0.88846911    1     0.50929900
                         0.00191745
#PSEUDOPOTENTIAL
Na GTH-PBE-q9 GTH-PBE
    3    6
     0.18000000    2    -8.87992393     3.94443828
    2  SOC
     0.14024412    1    38.69439882
     0.14800396    1    -7.53326705
                         0.03168706
#PSEUDOPOTENTIAL
Na GTH-PBE-q9_old
    3    6
     0.23652322    2     0.29510499    -0.91388488
    2  SOC
     0.14356046    1    34.60149228
     0.12993224    1   -14.27746168
                         0.05324287
#PSEUDOPOTENTIAL
Mg GTH-PBE-q10 GTH-PBE
    4    6
     0.19275787    2   -20.57539077     3.04016732
    2  SOC
     0.14140682    1    41.04729209
     0.10293187    1    -9.98562566
                         0.10308305
#PSEUDOPOTENTIAL
Mg GTH-PBE-q2
    2
     0.57696017    1    -2.69040744
    2  SOC
     0.59392350    2     3.50321099    -0.71677167
                                        0.92534825
     0.70715728    1     0.83115848
                         0.00414275
#PSEUDOPOTENTIAL
Al GTH-PBE-q3 GTH-PBE
    2    1
     0.45000000    1    -7.55476126
    2  SOC
     0.48743529    2     6.95993832    -1.88883584
                                        2.43847659
     0.56218949    2     1.86529857     0.00000000
                                        0.00000000
                         0.01323750    -0.01265070
                                        0.01496851
#PSEUDOPOTENTIAL
Si GTH-PBE-q4 GTH-PBE
    2    2
     0.44000000    1    -6.26928833
    2  SOC
     0.43563383    2     8.95174150    -2.70627082
                                        3.49378060
     0.49794218    2     2.43127673     0.00000000
                                        0.00000000
                         0.01877687    -0.01639758
                                        0.01940188
#PSEUDOPOTENTIAL
P GTH-PBE-q5 GTH-PBE
    2    3
     0.43000000    1    -5.87594327
    2  SOC
     0.39637742    2    11.00886207    -3.47035607
                                        4.48021042
     0.44829838    2     3.05606416     0.00000000
                                        0.00000000
                         0.02606888    -0.02118456
                                        0.02506591
#PSEUDOPOTENTIAL
S GTH-PBE-q6 GTH-PBE
    2    4
     0.42000000    1    -5.98626038
    2  SOC
     0.36482035    2    13.14354448    -4.24183045
                                        5.47617957
     0.40948048    2     3.70089057     0.00000000
                                        0.00000000
                         0.03492359    -0.02660790
                                        0.03148290
#PSEUDOPOTENTIAL
Cl GTH-PBE-q7 GTH-PBE
    2    5
     0.41000000    1    -6.39208181
    2  SOC
     0.33953864    2    15.21898983    -4.93452321
                                        6.37044208
     0.37847416    2     4.33877527     0.00000000
                                        0.00000000
                         0.04528923    -0.03257832
                                        0.03854719
#PSEUDOPOTENTIAL
Ar GTH-PBE-q8 GTH-PBE
    2    6
     0.40000000    1    -7.10000000
    2  SOC
     0.31881468    2    17.25203807    -5.58548836
                                        7.21083447
     0.35337019    2     4.97421551     0.00000000
                                        0.00000000
                         0.05709588    -0.03927810
                                        0.04647447
#PSEUDOPOTENTIAL
K GTH-PBE-q9 GTH-PBE
    3    6
     0.40000000    2    -3.36355184    -1.08652975
    2  SOC
     0.30531772    2    17.85062321    -5.62264870
                                        7.25880826
     0.31648432    2     7.33378021    -2.46094505
                                        2.91182945
                         0.08936707    -0.06986008
                                        0.08265956
#PSEUDOPOTENTIAL
Ca GTH-PBE-q10 GTH-PBE
    4    6
     0.39000000    2    -4.16707222    -1.58379781
    3  SOC
     0.28935572    2    20.53187635    -7.12978578
                                        9.20451387
     0.32788206    2     5.80560513    -0.42875336
                                        0.50730782
                         0.15992263    -0.19967894
                                        0.23626331
     0.67961713    1     0.05806826
                         0.00046474
#PSEUDOPOTENTIAL
Sc GTH-PBE-q11 GTH-PBE
    4    6    1
     0.38500000    2     8.21490030    -0.55705910
    3  SOC
     0.36361108    2     2.64653339     3.02108393
                                       -3.90020259
     0.24389778    2    -2.63482265     7.99213715
                                       -9.45642421
                         0.20196646    -0.05799329
                                        0.06861858
     0.25320575    1    -8.16594769
                         0.00480094
#PSEUDOPOTENTIAL
Ti GTH-PBE-q12 GTH-PBE
    4    6    2
     0.38000000    2     8.71144218    -0.70028677
    3  SOC
     0.33777078    2     2.57526386     3.69297065
                                       -4.76760461
     0.24253135    2    -4.63054123     8.87087502
                                      -10.49616087
                         0.20121752    -0.06088315
                                        0.07203791
     0.24331694    1    -9.40665268
                         0.00584456
#PSEUDOPOTENTIAL
V GTH-PBE-q13 GTH-PBE
    4    6    3
     0.37500000    2     7.47470354    -0.37026363
    3  SOC
     0.32779544    2     1.94087762     4.72568824
                                       -6.10083728
     0.24476590    2    -5.97816705     9.35863915
                                      -11.07329118
                         0.19032152    -0.05946067
                                        0.07035481
     0.24173879    1    -9.49989110
                         0.00648186
#PSEUDOPOTENTIAL
Cr GTH-PBE-q14 GTH-PBE
    3    6    5
     0.37000000    2     5.69965764    -0.69548599
    3  SOC
     0.31393442    2     2.86995474     4.97445648
                                       -6.42199570
     0.24086624    2    -4.47620867     7.33141440
                                       -8.67464650
                         0.19042071    -0.04824721
                                        0.05708687
     0.22028633    1   -11.19711641
                         0.00894423
#PSEUDOPOTENTIAL
Mn GTH-PBE-q15 GTH-PBE
    4    6    5
     0.36500000    2     6.09304649    -0.44646948
    3  SOC
     0.29568592    2     1.88711984     6.35683658
                                       -8.20664074
     0.24561261    2    -6.57002452     7.98335983
                                       -9.44603874
                         0.18314922    -0.04673645
                                        0.05529931
     0.22252279    1   -11.61205092
                         0.00951135
#PSEUDOPOTENTIAL
Fe GTH-PBE-q16 GTH-PBE
    4    6    6
     0.36000000    2     6.75678916    -0.22883251
    3  SOC
     0.27826303    2     0.62950570     7.91313242
                                      -10.21581002
     0.25138338    2    -7.93213293     7.69707888
                                       -9.10730654
                         0.09786820     0.08070002
                                       -0.09548555
     0.22285578    1   -12.38579937
                         0.01036288
#PSEUDOPOTENTIAL
Co GTH-PBE-q17 GTH-PBE
    4    6    7
     0.35500000    2     4.82819736     0.36814301
    3  SOC
     0.27680076    2    -0.58449582     9.28629277
                                      -11.98855242
     0.26815783    2    -6.85195349     5.68013280
                                       -6.72082376
                         0.03467390     0.13534705
                                       -0.16014479
     0.22258414    1   -12.33315019
                         0.01143107
#PSEUDOPOTENTIAL
Ni GTH-PBE-q18 GTH-PBE
    4    6    8
     0.35000000    2     2.10216598     0.64848387
    3  SOC
     0.26129530    2     0.62265847     9.97022667
                                      -12.87150729
     0.22425346    2   -11.14270822    12.42956644
                                      -14.70686134
                         0.13310966     0.15168114
                                       -0.17947154
     0.21534825    1   -12.62814550
                         0.01349066
#PSEUDOPOTENTIAL
Cu GTH-PBE-q11 GTH-PBE
    1    0   10
     0.53000000    0
    3  SOC
     0.43135505    3     9.69380507    -6.47016535     1.93595215
                                       11.50177396    -4.99860696
                                                       3.96752127
     0.56139155    2     2.54547330    -0.78463573
                                        0.92839352
                         0.09147262    -0.11244872
                                        0.13305111
     0.26455485    1   -12.82861406
                         0.01046090
#PSEUDOPOTENTIAL
Cu GTH-PBE-q19
    3    6   10
     0.34500000    2     0.05196970     1.24904337
    3  SOC
     0.25002849    2     0.75019332    10.73582127
                                      -13.85988567
     0.22202454    2   -13.05959885    14.74763830
                                      -17.44964096
                         0.14035346     0.18322786
                                       -0.21679813
     0.21556837    1   -12.45672374
                         0.01478075
#PSEUDOPOTENTIAL
Zn GTH-PBE-q12 GTH-PBE
    2    0   10
     0.51000000    0
    3  SOC
     0.40031644    3    11.53004133    -8.79189815     3.14508644
                                       16.46577518    -8.12057827
                                                       6.44550918
     0.54318233    2     2.59719512    -0.59426275
                                        0.70314117
                         0.10017431    -0.10693277
                                        0.12652456
     0.25095885    1   -14.46695795
                         0.01272732
#PSEUDOPOTENTIAL
Zn GTH-PBE-q20
    4    6   10
     0.34000000    2     0.55188462     1.24394356
    3  SOC
     0.24394890    2    -1.34762699    12.79313122
                                      -16.51586139
     0.23975357    2    -9.72145777     8.07114357
                                       -9.54990586
                        -0.00982281     0.28902245
                                       -0.34197598
     0.20855195    1   -14.19380873
                         0.01730011
#PSEUDOPOTENTIAL
Ga GTH-PBE-q13 GTH-PBE
    2    1   10
     0.49000000    0
    3  SOC
     0.41677723    3    10.47568975    -4.92176814     0.87070559
                                        7.77017809    -2.24815216
                                                       1.78441545
     0.56962652    2     1.77798534     0.19585976
                                       -0.23174439
                         0.07922219    -0.05277747
                                        0.06244715
     0.23812650    1   -16.24868022
                         0.01545711
#PSEUDOPOTENTIAL
Ga GTH-PBE-q3
    2    1
     0.56000000    0
    3  SOC
     0.56586645    3     2.21575051     1.03244793    -0.76062946
                                       -2.57004845     1.96393682
                                                      -1.55882652
     0.64671613    2     0.31122394     0.61341605
                                       -0.72580366
                         0.04378597    -0.01162286
                                        0.01375235
     0.99942484    1     0.08951951
                         0.00090534
#PSEUDOPOTENTIAL
Ge GTH-PBE-q4 GTH-PBE
    2    2
     0.54000000    0
    3  SOC
     0.42186518    3     7.51024121    -0.58810836    -1.44797580
                                       -1.59588819     3.73865744
                                                      -2.96746735
     0.56752887    2     0.91385969     0.54687534
                                       -0.64707163
                         0.07515712    -0.03426241
                                        0.04053983
     0.81391394    1     0.19717731
                         0.00209896
#PSEUDOPOTENTIAL
As GTH-PBE-q5 GTH-PBE
    2    3
     0.52000000    0
    3  SOC
     0.45554957    3     5.52067327     0.03512220    -1.06108239
                                       -1.77119320     2.73970295
                                                      -2.17457180
     0.55460557    2     1.02179156     0.62920826
                                       -0.74448925
                         0.07884496    -0.03308528
                                        0.03914703
     0.70368872    1     0.31479504
                         0.00335570
#PSEUDOPOTENTIAL
Se GTH-PBE-q6 GTH-PBE
    2    4
     0.51000000    0
    3  SOC
     0.43246005    3     6.51810990    -0.22271639    -1.19612899
                                       -1.65797833     3.08839178
                                                      -2.45133498
     0.47049162    2     2.28126223     0.36533529
                                       -0.43227055
                         0.15386757    -0.09508784
                                        0.11250945
     0.62560034    1     0.43979948
                         0.00489231
#PSEUDOPOTENTIAL
Br GTH-PBE-q7 GTH-PBE
    2    5
     0.50000000    0
    3  SOC
     0.43803892    3     6.07855632     0.33049817    -1.23838226
                                       -2.44090020     3.19748924
                                                      -2.53792841
     0.45313561    2     2.45930381     0.52275313
                                       -0.61852985
                         0.17300601    -0.09956873
                                        0.11781131
     0.56771383    1     0.55926645
                         0.00654644
#PSEUDOPOTENTIAL
Kr GTH-PBE-q8 GTH-PBE
    2    6
     0.50000000    0
    3  SOC
     0.42165717    3     6.46530358     0.53866049    -1.50260118
                                       -3.13938870     3.87969957
                                                      -3.07941607
     0.43374437    2     2.60116535     0.70510978
                                       -0.83429715
                         0.19991623    -0.11006240
                                        0.13022759
     0.52469073    1     0.63559472
                         0.00829734
#PSEUDOPOTENTIAL
Rb GTH-PBE-q9 GTH-PBE
    3    6
     0.49000000    2     5.66908644    -0.81162703
    3  SOC
     0.28180292    2    21.39073240    -8.07866676
                                       10.42951394
     0.28570828    2    12.25634859   -12.19854075
                                       14.43350807
                         1.41180234    -2.61453234
                                        3.09355639
     0.54179651    1     0.34566626
                         0.00696032
#PSEUDOPOTENTIAL
Sr GTH-PBE-q10 GTH-PBE
    4    6
     0.48000000    2     6.81095035    -1.19610979
    3  SOC
     0.27588581    2    21.28971943    -7.89903416
                                       10.19760926
     0.28174086    2    11.70905135   -10.96577673
                                       12.97488200
                         1.34629459    -2.37169277
                                        2.80622473
     0.52108911    1     0.36053906
                         0.00779193
#PSEUDOPOTENTIAL
Y GTH-PBE-q11 GTH-PBE
    4    6    1
     0.47500000    2    12.16776904    -2.32855103
    3  SOC
     0.24674070    2    23.45027195    -8.32535748
                                       10.74799029
     0.29656397    2     5.97863401    -5.85234964
                                        6.92459348
                         1.23578364    -2.38648117
                                        2.82372260
     0.45045569    2     1.18749048    -1.31867331
                                        1.49523499
                         0.01304100    -0.00010639
                                        0.00012063
#PSEUDOPOTENTIAL
Zr GTH-PBE-q12 GTH-PBE
    4    6    2
     0.47000000    2     7.79605677    -1.89321030
    3  SOC
     0.25982885    2    23.38087417    -8.57193933
                                       11.06632609
     0.28896899    2     8.59276581    -5.37735808
                                        6.36257589
                         1.00490626    -1.41611759
                                        1.67557293
     0.58124504    2     0.02781064     0.27686186
                                       -0.31393184
                        -0.00255322     0.01079629
                                       -0.01224184
#PSEUDOPOTENTIAL
Nb GTH-PBE-q13 GTH-PBE
    3    6    4
     0.46000000    2    26.27526252    -4.57803146
    3  SOC
     0.35116942    2    -1.04371870     3.27790404
                                       -4.23175592
     0.40546040    2    -0.66246647    -0.90782868
                                        1.07415738
                         0.18261561     0.04502076
                                       -0.05326929
     0.42212155    2     1.49409323    -3.43003953
                                        3.88929925
                         0.00621330     0.01529808
                                       -0.01734639
#PSEUDOPOTENTIAL
Mo GTH-PBE-q14 GTH-PBE
    3    6    5
     0.43000000    2    28.60936832    -4.72180336
    3  SOC
     0.34521579    2     0.14630305     2.76200500
                                       -3.56573312
     0.41688762    2    -0.19078495    -0.72874402
                                        0.86226156
                         0.10103602     0.15762775
                                       -0.18650767
     0.42050785    2     1.21681419    -2.68646267
                                        3.04616234
                         0.00136004     0.02273862
                                       -0.02578317
#PSEUDOPOTENTIAL
Tc GTH-PBE-q15 GTH-PBE
    3    6    6
     0.43000000    2    27.30199947    -4.64715709
    3  SOC
     0.34617499    2    -0.37921852     3.34056578
                                       -4.31265188
     0.42346840    2    -0.24151639    -0.82215042
                                        0.97278149
                         0.00672609     0.27805622
                                       -0.32900056
     0.43186468    2     1.21878473    -2.67400954
                                        3.03204182
                        -0.00760164     0.03277719
                                       -0.03716584
#PSEUDOPOTENTIAL
Ru GTH-PBE-q16 GTH-PBE
    3    6    7
     0.43000000    2    26.83239104    -5.05049720
    3  SOC
     0.34135508    2    -0.55504091     3.71548964
                                       -4.79667650
     0.42827085    2     0.10677508    -1.27757181
                                        1.51164335
                        -0.15600415     0.48648402
                                       -0.57561565
     0.43814779    2     1.50921742    -2.94305440
                                        3.33711002
                        -0.01536873     0.04203938
                                       -0.04766818
#PSEUDOPOTENTIAL
Ru GTH-PBE-q8
    1    0    7
     0.61211332    1     5.04489332
    3  SOC
     0.64215040    2     4.62556355    -1.80334903
                                        2.32811359
     0.67936654    2     3.23395238    -2.42101064
                                        2.86457842
                         0.24365860    -0.44245368
                                        0.52351826
     0.38059720    2   -15.53165455    13.58045054
                                      -15.39878349
                        -0.02436658     0.09258568
                                       -0.10498229
#PSEUDOPOTENTIAL
Rh GTH-PBE-q17 GTH-PBE
    3    6    8
     0.42000000    2    26.20679340    -4.93738335
    3  SOC
     0.34544622    2    -0.45248232     3.89280438
                                       -5.02558885
     0.37838014    2    -0.94111242    -0.00569931
                                        0.00674351
                         0.18648086     0.14716083
                                       -0.17412304
     0.43374725    2     1.57423622    -3.01217170
                                        3.41548166
                        -0.02161325     0.05073757
                                       -0.05753100
#PSEUDOPOTENTIAL
Rh GTH-PBE-q9
    1    0    8
     0.61900948    1     4.70454397
    3  SOC
     0.61332681    2     4.99320515    -1.92978191
                                        2.49133773
     0.69365000    2     2.53237506    -1.28086042
                                        1.51553449
                         0.18034883    -0.29258721
                                        0.34619385
     0.37003772    2   -16.88260377    14.71821684
                                      -16.68888922
                        -0.03265865     0.10951165
                                       -0.12417454
#PSEUDOPOTENTIAL
Pd GTH-PBE-q10
    0    0   10
     0.59600000    1     5.29987401
    3  SOC
     0.59194990    2     5.30819456    -2.06237933
                                        2.66252027
     0.66628526    2     2.73458446    -1.46697005
                                        1.73574237
                         0.20640805    -0.35787163
                                        0.42343942
     0.43851839    2    -3.71978832    -0.80738825
                                        0.91549223
                        -0.06113102     0.10023162
                                       -0.11365198
#PSEUDOPOTENTIAL
Pd GTH-PBE-q18 GTH-PBE
    2    6   10
     0.41000000    2    26.78365917    -4.93130594
    3  SOC
     0.33797077    2    -0.71872875     4.38486657
                                       -5.66083840
     0.41519591    2    -0.04624449    -1.07795233
                                        1.27545040
                        -0.44546453     0.88057476
                                       -1.04191011
     0.44027049    2     1.63916358    -3.09368795
                                        3.50791241
                        -0.03119207     0.06201267
                                       -0.07031576
#PSEUDOPOTENTIAL
Ag GTH-PBE-q11 GTH-PBE
    1    0   10
     0.57000000    1     0.03341912
    3  SOC
     0.52704461    3     9.58204535    -5.27424043     0.99704725
                                        8.43071259    -2.57436494
                                                       2.04333882
     0.62911218    2     3.87401904    -1.74211583
                                        2.06129925
                         0.25749375    -0.41140313
                                        0.48677875
     0.40538186    2    -2.72495276    -0.43354851
                                        0.49159781
                        -0.04679548     0.08682477
                                       -0.09845003
#PSEUDOPOTENTIAL
Ag GTH-PBE-q19
    3    6   10
     0.40000000    2    24.53317558    -4.21395181
    3  SOC
     0.31760029    2     0.62551338     4.28490995
                                       -5.53179495
     0.41962178    2    -0.19050165    -0.61441835
                                        0.72698960
                        -0.24535051     0.64883901
                                       -0.76771666
     0.45640092    2     1.75125916    -3.09368795
                                        3.50791241
                        -0.03347751     0.06201267
                                       -0.07031576
#PSEUDOPOTENTIAL
Cd GTH-PBE-q12 GTH-PBE
    2    0   10
     0.55000000    1     3.63395858
    3  SOC
     0.49127900    3    10.11138228    -6.50695409     1.80457679
                                       11.33558598    -4.65939724
                                                       3.69828191
     0.59970999    2     4.00148729    -1.88393578
                                        2.22910288
                         0.28931079    -0.45543886
                                        0.53888253
     0.37787256    2    -6.13703223     1.53571055
                                       -1.74133209
                        -0.06128372     0.11410996
                                       -0.12938854
#PSEUDOPOTENTIAL
In GTH-PBE-q13 GTH-PBE
    2    1   10
     0.53000000    1     3.32478546
    3  SOC
     0.47949521    3    11.11716024    -6.57350729     1.50686327
                                       10.93727471    -3.89070422
                                                       3.08815074
     0.56993285    2     4.70061419    -2.21706406
                                        2.62326557
                         0.34177179    -0.54199431
                                        0.64129631
     0.37706890    2    -4.00228785    -0.84012846
                                        0.95261614
                        -0.07755078     0.13327922
                                       -0.15112443
#PSEUDOPOTENTIAL
In GTH-PBE-q3
    2    1
     0.61000000    1     5.08622849
    3  SOC
     0.68888318    3     0.56228376     0.99900413    -0.48093816
                                       -2.07195476     1.24177699
                                                      -0.98562993
     0.76370974    2     0.10892299     0.42327835
                                       -0.50082970
                         0.10576704    -0.01722946
                                        0.02038617
     1.14391192    1     0.11683948
                         0.00226126
#PSEUDOPOTENTIAL
Sn GTH-PBE-q4 GTH-PBE
    2    2
     0.60500000    1     6.26678230
    3  SOC
     0.56643732    3     1.57118124     1.47004118    -1.17857669
                                       -3.81477013     3.04307193
                                                      -2.41536347
     0.64184959    2     0.52689769     0.40325781
                                       -0.47714107
                         0.22160101    -0.11203353
                                        0.13255986
     0.99087302    1     0.19876639
                         0.00451584
#PSEUDOPOTENTIAL
Sb GTH-PBE-q5 GTH-PBE
    2    3
     0.59000000    1     7.92852084
    3  SOC
     0.55613636    3     1.43047790     1.26142599    -0.92323353
                                       -3.13013340     2.38377872
                                                      -1.89206570
     0.62275507    2     0.56147233     0.30484522
                                       -0.36069773
                         0.23747176    -0.10907432
                                        0.12905847
     0.88948576    1     0.27086864
                         0.00696671
#PSEUDOPOTENTIAL
Te GTH-PBE-q6 GTH-PBE
    2    4
     0.57500000    1     8.71364868
    3  SOC
     0.57492240    3     1.40181273     0.97877992    -0.48630602
                                       -2.05457624     1.25563675
                                                      -0.99663078
     0.58989076    2     0.76478865     0.32398623
                                       -0.38334568
                         0.28709255    -0.13816104
                                        0.16347435
     0.81338925    1     0.34485820
                         0.00929869
#PSEUDOPOTENTIAL
I GTH-PBE-q7 GTH-PBE
    2    5
     0.56000000    1     8.20710157
    3  SOC
     0.53192813    3     2.30814581     1.00390933    -0.95915606
                                       -2.85610882     2.47653030
                                                      -1.96568498
     0.58918244    2     0.90648219     0.42507060
                                       -0.50295032
                         0.27569304    -0.10630683
                                        0.12578393
     0.73972147    1     0.47919458
                         0.01290065
#PSEUDOPOTENTIAL
Xe GTH-PBE-q8 GTH-PBE
    2    6
     0.56000000    1     8.03636262
    3  SOC
     0.53049420    3     2.23202148     1.20035836    -0.99849824
                                       -3.17371348     2.57811136
                                                      -2.04631245
     0.58177483    2     0.79698181     0.59123264
                                       -0.69955590
                         0.27633099    -0.09115677
                                        0.10785815
     0.68554509    1     0.56018900
                         0.01674755
#PSEUDOPOTENTIAL
Cs GTH-PBE-q9 GTH-PBE
    3    6
     0.54000000    2    33.31331676    -2.92121670
    4  SOC
     0.46189568    2    -3.32292700     2.45565338
                                       -3.17023488
     0.36635860    3    -4.95076405     0.84038977     0.00000000
                                       -0.99436259     0.00000000
                                                       0.00000000
                         1.47901467    -4.82006821     0.71637516
                                        6.89583701    -1.69525304
                                                       1.20482534
     0.76150193    1     0.19840723
                         0.01060475
     0.59701503    1    -1.55056693
                         0.00322244
#PSEUDOPOTENTIAL
Ba GTH-PBE-q10 GTH-PBE
    4    6
     0.54000000    2    24.52678070    -2.46867001
    4  SOC
     0.49206839    2     0.09515093     1.16931840
                                       -1.50958357
     0.39148930    3     0.80018261    -1.61683907     0.00000000
                                        1.91306979     0.00000000
                                                       0.00000000
                         1.38677712    -2.22926159     0.55122185
                                        3.55539820    -1.30442898
                                                       0.92706460
     0.67217348    1     0.38853100
                         0.01663250
     0.30049773    1   -19.65379452
                         0.00607912
#PSEUDOPOTENTIAL
La GTH-PBE-q11 GTH-PBE
    4    6    1
     0.53500000    2    20.68980469    -1.70327035
    4  SOC
     0.56144723    2    -0.02823977     1.07859821
                                       -1.39246430
     0.47517309    3     0.26802268     0.67328503     0.00000000
                                       -0.79664160     0.00000000
                                                       0.00000000
                         0.64154939    -0.31941115     0.08447724
                                        0.51857409    -0.19990965
                                                       0.14207685
     0.62908399    1     0.38022718
                         0.02046237
     0.29911708    1   -18.44354886
                         0.00738047
#PSEUDOPOTENTIAL
Ce GTH-PBE-q12 GTH-PBE
    4    6    1    1
     0.52480035    2    18.46313266    -0.35928475
    4  SOC
     0.52899318    2    -0.46945550     1.68519941
                                       -2.17558308
     0.47758674    3    -0.85915259     1.49893178     0.00000000
                                       -1.77356000     0.00000000
                                                       0.00000000
                         0.53180154    -0.20234053    -0.09655667
                                        0.07866042     0.22849478
                                                      -0.16239245
     0.65909303    1     0.10742047
                         0.01651587
     0.30186583    1   -17.66735258
                         0.00785811
#PSEUDOPOTENTIAL
Ce GTH-PBE-q30
    6   12   11    1
     0.20000000    2   148.23700910     3.91725495
    4  SOC
     0.24060899    2     2.21770923     4.21351645
                                       -5.43962635
     0.16613857    3    -4.53697472    11.78843522     0.01475880
                                      -13.92369350    -0.03492570
                                                       0.02482188
                         6.58733940    -7.76347086     0.01837566
                                        9.21645527    -0.04348474
                                                       0.03090484
     0.17161109    1   -15.00199037
                         0.36360640
     0.26526997    1    -4.75946878
                         0.01337882
#PSEUDOPOTENTIAL
Pr GTH-PBE-q13 GTH-PBE
    4    6    0    3
     0.53188976    2    16.83551414    -0.43235649
    4  SOC
     0.52415103    2    -0.50975406     1.84037783
                                       -2.37591756
     0.48546735    3    -0.98189616     1.60445908     0.00000000
                                       -1.89842158     0.00000000
                                                       0.00000000
                         0.11738149     0.91802470    -1.36977830
                                       -3.36669344     3.24148708
                                                      -2.30374209
     0.71653344    1     0.05575046
                         0.01209488
     0.29937329    1   -17.49550069
                         0.00863072
#PSEUDOPOTENTIAL
Nd GTH-PBE-q14 GTH-PBE
    4    6    0    4
     0.52991298    2    17.80646346    -0.32095543
    4  SOC
     0.50114025    2    -1.36443892     2.46474917
                                       -3.18197749
     0.50039105    3    -1.55942619     1.53939247     0.00000000
                                       -1.82143373     0.00000000
                                                       0.00000000
                         0.59294947    -0.61371631     0.67792729
                                        1.85480449    -1.60426878
                                                       1.14016235
     0.33431765    1    -1.70064367
                         0.41574225
     0.29567529    1   -18.64327128
                         0.00947171
#PSEUDOPOTENTIAL
Pm GTH-PBE-q15 GTH-PBE
    4    6    0    5
     0.52793919    2    17.84482075    -0.36133182
    4  SOC
     0.48944396    2    -1.72725500     2.81006693
                                       -3.62778081
     0.49132954    3    -1.87193192     1.65260118     0.00000000
                                       -1.95538409     0.00000000
                                                       0.00000000
                        -0.21858858     1.91346180    -2.21408582
                                       -5.95015377     5.23948335
                                                      -3.72372865
     0.47893079    1    -0.44781450
                         0.05970555
     0.29022183    1   -19.51693564
                         0.01053306
#PSEUDOPOTENTIAL
Sm GTH-PBE-q16 GTH-PBE
    4    6    0    6
     0.52466086    2    16.51148828    -0.24504217
    4  SOC
     0.48687809    2    -1.59045606     2.90667135
                                       -3.75249657
     0.49648709    3    -1.75047341     1.54491665     0.00000000
                                       -1.82797004     0.00000000
                                                       0.00000000
                        -0.68601615     3.27621519    -3.50012699
                                       -9.70364773     8.28281221
                                                      -5.88663864
     0.49241328    1    -0.41980527
                         0.04985656
     0.28444353    1   -19.88144667
                         0.01177755
#PSEUDOPOTENTIAL
Eu GTH-PBE-q17 GTH-PBE
    4    6    0    7
     0.52072219    2    17.93467530    -0.57606530
    4  SOC
     0.46955990    2    -2.07710390     3.25447577
                                       -4.20151015
     0.46644592    3    -2.34175427     2.29907112     0.00000000
                                       -2.72029763     0.00000000
                                                       0.00000000
                         1.65792601    -3.71639117     4.37001603
                                       11.67270356   -10.34134539
                                                       7.34964910
     0.47357383    1    -0.59831876
                         0.05828324
     0.27831058    1   -21.30605878
                         0.01315523
#PSEUDOPOTENTIAL
Gd GTH-PBE-q18 GTH-PBE
    4    6    1    7
     0.52126799    2    18.10313196    -0.51440770
    4  SOC
     0.45805877    2    -2.87481761     3.91661136
                                       -5.05632353
     0.46124964    3    -3.05406750     2.55197375     0.00000000
                                       -3.01953606     0.00000000
                                                       0.00000000
                         0.54157080    -0.12917284     0.16099098
                                        0.42086479    -0.38097419
                                                       0.27076038
     0.48332992    1    -0.84348188
                         0.05014620
     0.27559144    1   -22.18390606
                         0.01468660
#PSEUDOPOTENTIAL
Tb GTH-PBE-q19 GTH-PBE
    4    6    0    9
     0.51588228    2    17.15783725    -0.66955170
    4  SOC
     0.45376626    2    -2.42821095     3.74357813
                                       -4.83293859
     0.45360450    3    -2.68351507     2.30311187     0.00000000
                                       -2.72507871     0.00000000
                                                       0.00000000
                        -0.85647669     4.27218592    -4.86408800
                                      -13.15288326    11.51053306
                                                      -8.18059700
     0.47258283    1    -0.72646091
                         0.05530956
     0.26876196    1   -22.75147607
                         0.01609128
#PSEUDOPOTENTIAL
Dy GTH-PBE-q20 GTH-PBE
    4    6    0   10
     0.51029687    2    17.67093508    -0.86787770
    4  SOC
     0.44212348    2    -2.71573384     4.01788426
                                       -5.18706627
     0.45017230    3    -2.77347535     2.20115245     0.00000000
                                       -2.60443870     0.00000000
                                                       0.00000000
                        -0.44352171     3.08608168    -3.44531996
                                       -9.38743338     8.15311509
                                                      -5.79446221
     0.47116514    1    -0.75227561
                         0.05555208
     0.26180741    1   -24.24856414
                         0.01775081
#PSEUDOPOTENTIAL
Ho GTH-PBE-q21 GTH-PBE
    4    6    0   11
     0.51034519    2    17.00694728    -1.14166376
    4  SOC
     0.43408065    2    -2.64595349     4.10374692
                                       -5.29791449
     0.43159817    3    -3.06100899     2.73161511     0.00000000
                                       -3.23209058     0.00000000
                                                       0.00000000
                         0.21869071     1.32948068    -1.61141491
                                       -4.25582283     3.81330367
                                                      -2.71013518
     0.45020006    1    -0.82014316
                         0.06631442
     0.25514026    1   -25.40966658
                         0.01966354
#PSEUDOPOTENTIAL
Er GTH-PBE-q22 GTH-PBE
    4    6    0   12
     0.50173422    2    17.22416099    -1.23324605
    4  SOC
     0.42576787    2    -2.61580658     4.19913757
                                       -5.42106329
     0.41793960    3    -3.15341814     3.17618553     0.00000000
                                       -3.75811340     0.00000000
                                                       0.00000000
                         2.03813991    -4.27357152     5.04555798
                                       13.45664255   -11.93996941
                                                       8.48579969
     0.43046826    1    -0.89805056
                         0.07930876
     0.24914231    1   -26.58720599
                         0.02173132
#PSEUDOPOTENTIAL
Tm GTH-PBE-q23 GTH-PBE
    4    6    0   13
     0.50234443    2    17.68675860    -1.59907075
    4  SOC
     0.41312714    2    -3.20033933     4.64501695
                                       -5.99669110
     0.41759033    3    -3.17289513     2.80513657     0.00000000
                                       -3.31908235     0.00000000
                                                       0.00000000
                         2.55564771    -6.24092488     7.42426380
                                       19.74462887   -17.56901479
                                                      12.48639214
     0.39281519    1    -1.44965467
                         0.11677823
     0.24385920    1   -28.31696046
                         0.02372319
#PSEUDOPOTENTIAL
Yb GTH-PBE-q24 GTH-PBE
    4    6    0   14
     0.49808783    2    17.08328394    -1.56295270
    4  SOC
     0.40553079    2    -3.55061134     5.03314458
                                       -6.49776171
     0.42489671    3    -3.13538311     2.14082491     0.00000000
                                       -2.53305819     0.00000000
                                                       0.00000000
                        -0.03061526     2.18978914    -2.38963165
                                       -6.56936572     5.65490060
                                                      -4.01896790
     0.44507157    1    -0.91407703
                         0.06796310
     0.23857822    1   -29.66528314
                         0.02565096
#PSEUDOPOTENTIAL
Lu GTH-PBE-q25 GTH-PBE
    4    6    1   14
     0.49611621    2    18.63208417    -1.51663710
    4  SOC
     0.39319895    2    -5.65573977     6.47885270
                                       -8.36416287
     0.41028936    3    -4.66078088     2.84645630     0.00000000
                                       -3.36797252     0.00000000
                                                       0.00000000
                        -1.45526864     6.93159024    -7.42062918
                                      -20.55578405    17.56041370
                                                     -12.48027930
     0.43890201    1    -1.52277808
                         0.06950855
     0.23494399    1   -32.20596727
                         0.02740377
#PSEUDOPOTENTIAL
Hf GTH-PBE-q12 GTH-PBE
    4    6    2
     0.56000000    2    15.52236567    -2.43356678
    3  SOC
     0.31182849    3   -10.91013059    27.37264587   -14.96156977
                                      -59.67292892    38.63060703
                                                     -30.66209376
     0.36196660    3    -9.65170049     9.22329739     0.00000000
                                      -10.91315264     0.00000000
                                                       0.00000000
                         0.25433226     2.89231345    -3.44888647
                                       -9.16410141     8.16155501
                                                      -5.80046050
     0.41579070    2    -2.74891464     0.48133335
                                       -0.54578072
                         0.07470137     0.01580845
                                       -0.01792510
#PSEUDOPOTENTIAL
Ta GTH-PBE-q13 GTH-PBE
    4    6    3
     0.55000000    2    13.38520167    -2.25392008
    3  SOC
     0.40088312    3    -4.43670899     4.17648934     1.87560787
                                       -2.34114813    -4.84279868
                                                       3.84385229
     0.35654936    3    -7.62442808     8.17895534     0.00000000
                                       -9.67747047     0.00000000
                                                       0.00000000
                         1.12324816     0.67250512    -0.97730022
                                       -2.42277460     2.31271443
                                                      -1.64365843
     0.41822925    2    -1.11356085    -0.87533080
                                        0.99253183
                         0.07060129     0.00876170
                                       -0.00993484
#PSEUDOPOTENTIAL
Ta GTH-PBE-q5
    2    0    3
     0.74400000    1     9.83934257
    3  SOC
     0.45239666    2     6.12338066    -2.16890335
                                        2.80004218
     0.75164390    2     1.64970103    -2.51481038
                                        2.97556377
                         0.67406021    -1.28529463
                                        1.52078112
     0.50114181    2   -12.42334477     9.01473381
                                      -10.22174735
                        -0.08463039     0.21860129
                                       -0.24787056
#PSEUDOPOTENTIAL
W GTH-PBE-q14 GTH-PBE
    4    6    4
     0.54000000    2    13.41481123    -2.21345603
    3  SOC
     0.39702790    3    -4.14121089     3.83542346     2.23317927
                                       -1.31924404    -5.76604408
                                                       4.57665561
     0.35353069    3    -7.45623626     8.11232637     0.00000000
                                       -9.59863401     0.00000000
                                                       0.00000000
                         1.42485618    -0.04791036    -0.23348205
                                       -0.33202370     0.55251937
                                                      -0.39267845
     0.41210703    2    -0.95466075    -1.06744623
                                        1.21037026
                         0.07015958     0.01318853
                                       -0.01495438
#PSEUDOPOTENTIAL
W GTH-PBE-q6
    2    0    4
     0.71900000    1    10.69989013
    3  SOC
     0.46755372    2     5.80350289    -2.07063257
                                        2.67317516
     0.72666463    2     1.78871915    -2.55415819
                                        3.02212073
                         0.70941707    -1.36284306
                                        1.61253765
     0.49929065    2   -10.59832562     6.44789319
                                       -7.31122365
                        -0.10122950     0.22114149
                                       -0.25075088
#PSEUDOPOTENTIAL
Re GTH-PBE-q15 GTH-PBE
    4    6    5
     0.53000000    2    13.46263143    -2.23492240
    3  SOC
     0.39380077    3    -3.71748055     3.15477903     2.85593500
                                        0.57237640    -7.37399245
                                                       5.85292506
     0.35253332    3    -7.05340425     7.56675835     0.00000000
                                       -8.95310922     0.00000000
                                                       0.00000000
                         0.48781828     2.51603934    -2.67688069
                                       -7.43361600     6.33465589
                                                      -4.50207359
     0.40186765    2    -0.90002359    -1.14917105
                                        1.30303749
                         0.07649146     0.01299626
                                       -0.01473637
#PSEUDOPOTENTIAL
Re GTH-PBE-q7
    2    0    5
     0.69300000    1    11.96194160
    3  SOC
     0.46331539    2     6.08700876    -2.19137969
                                        2.82905901
     0.70964824    2     1.81506156    -2.35412193
                                        2.78543463
                         0.69313998    -1.31294961
                                        1.55350293
     0.47606454    2   -12.39371002     8.00629664
                                       -9.07828707
                        -0.11238482     0.25543977
                                       -0.28964148
#PSEUDOPOTENTIAL
Os GTH-PBE-q16 GTH-PBE
    4    6    6
     0.52000000    2    13.46303008    -2.24116983
    3  SOC
     0.39012207    3    -3.27416829     2.36003137     3.61101851
                                        2.82653464    -9.32360969
                                                       7.40038577
     0.34945025    3    -6.89928214     7.52931882     0.00000000
                                       -8.90881017     0.00000000
                                                       0.00000000
                         0.54785930     2.46435737    -2.55981011
                                       -7.17756040     6.05761634
                                                      -4.30518011
     0.39284207    2    -0.94268282    -1.08157042
                                        1.22638558
                         0.08081206     0.01626524
                                       -0.01844305
#PSEUDOPOTENTIAL
Os GTH-PBE-q8
    2    0    6
     0.66700000    1    13.07904899
    3  SOC
     0.49576015    2     4.35033878    -1.49680274
                                        1.93236403
     0.70116140    2     1.81669550    -1.99815917
                                        2.36425382
                         0.65252379    -1.16198770
                                        1.37488239
     0.47117333    2   -10.99598697     5.97918090
                                       -6.77975387
                        -0.12910182     0.26738080
                                       -0.30318133
#PSEUDOPOTENTIAL
Ir GTH-PBE-q17 GTH-PBE
    4    6    7
     0.51000000    2    13.41080576    -2.34194822
    3  SOC
     0.38726411    3    -2.51628491     1.05519006     4.67505628
                                        6.24173509   -12.07094340
                                                       9.58101430
     0.34608307    3    -6.52615069     7.35318392     0.00000000
                                       -8.70040455     0.00000000
                                                       0.00000000
                         0.31484605     3.24759365    -3.24130779
                                       -9.23888776     7.67033419
                                                      -5.45134725
     0.37881290    2    -0.85595250    -1.17535111
                                        1.33272289
                         0.10055806     0.00337529
                                       -0.00382722
#PSEUDOPOTENTIAL
Ir GTH-PBE-q9
    2    0    7
     0.64100000    1    14.58181397
    3  SOC
     0.51010474    2     3.71524999    -1.26263745
                                        1.63005794
     0.68489160    2     1.91910152    -1.89619458
                                        2.24360769
                         0.67464477    -1.13818413
                                        1.34671763
     0.47173508    2    -8.85603130     3.17025312
                                       -3.59472915
                        -0.15231734     0.28618874
                                       -0.32450753
#PSEUDOPOTENTIAL
Pt GTH-PBE-q10
    1    0    9
     0.61600000    1    11.31363525
    3  SOC
     0.55090426    2     4.73349110    -1.78459401
                                        2.30390096
     0.67413781    2     2.53479850    -1.77806555
                                        2.10383553
                         0.68131890    -1.13737593
                                        1.34576135
     0.45739243    2    -7.26401101     2.55866480
                                       -2.90125318
                        -0.13179902     0.26337958
                                       -0.29864437
#PSEUDOPOTENTIAL
Pt GTH-PBE-q18 GTH-PBE
    3    6    9
     0.50000000    2     8.81432324    -0.29250943
    3  SOC
     0.29800221    3    -5.96838498    24.21289966   -13.78967932
                                      -53.68763413    35.60479890
                                                     -28.26043301
     0.36017182    3    -6.66865904     7.17065922     0.76690370
                                       -7.20766072    -1.81482538
                                                       1.28980604
                         0.35156689     2.38906445    -2.06064115
                                       -6.25743244     4.87636699
                                                      -3.46565992
     0.34053206    2    -8.58990455     9.41012200
                                      -10.67007542
                         0.18032724     0.02920945
                                       -0.03312040
#PSEUDOPOTENTIAL
Au GTH-PBE-q11 GTH-PBE
    1    0   10
     0.59000000    1    10.51717881
    3  SOC
     0.54384733    2     5.78681103    -2.25067966
                                        2.90561495
     0.60917298    2     4.28404873    -4.07128520
                                        4.81720962
                         1.21911104    -2.38187511
                                        2.81827264
     0.43730922    2    -7.40328124     3.01019307
                                       -3.41323811
                        -0.12113041     0.26246301
                                       -0.29760507
#PSEUDOPOTENTIAL
Au GTH-PBE-q19
    3    6   10
     0.49000000    1     8.36945885
    3  SOC
     0.29008402    3    -5.98869002    26.10502137   -15.17621948
                                      -58.38556050    39.18483021
                                                     -31.10199477
     0.36150576    3    -5.87695332     4.73144606     2.92710526
                                       -0.72513863    -6.92679530
                                                       4.92291022
                         0.18370022     2.64213942    -2.01606276
                                       -6.48265855     4.77087526
                                                      -3.39068639
     0.34037313    2    -8.80458432     9.49191532
                                      -10.76282032
                         0.15609346     0.06062427
                                       -0.06874145
#PSEUDOPOTENTIAL
Hg GTH-PBE-q12 GTH-PBE
    2    0   10
     0.57000000    1     8.46784734
    3  SOC
     0.52978669    2     7.37124306    -2.96994403
                                        3.83418126
     0.63516596    3     3.55116141    -1.72290935     0.00000000
                                        2.03857383     0.00000000
                                                       0.00000000
                         0.97627823    -1.29430950     0.55490433
                                        2.45527872    -1.31314330
                                                       0.93325792
     0.40798543    2    -8.61398015     5.00756120
                                       -5.67804069
                        -0.09794385     0.26202008
                                       -0.29710284
#PSEUDOPOTENTIAL
Tl GTH-PBE-q13 GTH-PBE
    2    1   10
     0.55000000    1    12.29058515
    3  SOC
     0.51280306    2     7.19017017    -2.86301073
                                        3.69613096
     0.57711505    3     4.76094580    -3.67332496     0.00000000
                                        4.34633671     0.00000000
                                                       0.00000000
                         1.35297827    -2.28901237     0.68067754
                                        3.84162025    -1.61077704
                                                       1.14478780
     0.39323001    2   -11.01268700     6.42159202
                                       -7.28140093
                        -0.11559254     0.30671016
                                       -0.34777664
#PSEUDOPOTENTIAL
Tl GTH-PBE-q3
    2    1
     0.63000000    1     1.45272083
    3  SOC
     0.78076788    3     0.37973043     1.20912802    -0.45856792
                                       -2.30683834     1.18401727
                                                      -0.93978457
     0.89705009    2    -0.02423596     0.58235582
                                       -0.68905269
                         0.18274699    -0.00921547
                                        0.01090389
     1.09379194    1     0.22764152
                         0.01256903
#PSEUDOPOTENTIAL
Pb GTH-PBE-q14
    2    2   10
     0.53000000    1    12.57214281
    3  SOC
     0.49554891    2     8.42980665    -3.44005610
                                        4.44109332
     0.56934785    3     4.98150638    -2.89639920     0.00000000
                                        3.42706575     0.00000000
                                                       0.00000000
                         1.61384844    -2.17491530     1.71513508
                                        5.42883283    -4.05875039
                                                       2.88457546
     0.40422413    2    -6.81491262     1.83782673
                                       -2.08389964
                        -0.14916233     0.31992302
                                       -0.36275861
#PSEUDOPOTENTIAL
Pb GTH-PBE-q4 GTH-PBE
    2    2
     0.61750000    1     4.67238428
    3  SOC
     0.62235881    3     0.87991768     2.08114784    -1.43125710
                                       -5.01469016     3.69548994
                                                      -2.93320421
     0.81200202    2     0.15345679     0.47889785
                                       -0.56663958
                         0.27466972    -0.02305844
                                        0.02728312
     1.02501525    1     0.30170206
                         0.01870296
#PSEUDOPOTENTIAL
Bi GTH-PBE-q15
    2    3   10
     0.51000000    1    13.39622231
    3  SOC
     0.48120446    2     9.54548100    -3.94511418
                                        5.09312050
     0.54894636    3     5.63359371    -3.17713769     0.00000000
                                        3.75924002     0.00000000
                                                       0.00000000
                         1.61410367    -2.26162040     1.01570961
                                        4.36698694    -2.40360764
                                                       1.70825672
     0.39730251    2    -6.03753705     0.92523553
                                       -1.04911848
                        -0.17397466     0.35675867
                                       -0.40452630
#PSEUDOPOTENTIAL
Bi GTH-PBE-q5 GTH-PBE
    2    3
     0.60500000    1     7.94575692
    3  SOC
     0.58223216    3     0.64373527     2.24761617    -1.44060063
                                       -5.24479711     3.71961484
                                                      -2.95235275
     0.76639400    2     0.21253292     0.37983417
                                       -0.44942585
                         0.33910609    -0.02108594
                                        0.02494923
     0.96565479    1     0.34729822
                         0.02035678
#PSEUDOPOTENTIAL
Po GTH-PBE-q6 GTH-PBE
    2    4
     0.59250000    1     8.13432566
    3  SOC
     0.80422357    3     0.32633408     0.10539986     0.52809414
                                        0.72287456    -1.36353322
                                                       1.08227094
     0.81703652    2     0.15801481     0.37530247
                                       -0.44406387
                         0.23215645     0.02511538
                                       -0.02971692
     0.89014943    1     0.46253238
                         0.02706723
#PSEUDOPOTENTIAL
At GTH-PBE-q7 GTH-PBE
    2    5
     0.58000000    1    14.21716853
    3  SOC
     0.66580683    3    -0.37891203     0.66112626     0.27884944
                                       -0.39996168    -0.71998616
                                                       0.57147130
     0.65241195    2     0.26704745     0.32622823
                                       -0.38599845
                         0.66100264    -0.11918597
                                        0.14102275
     0.85406059    1     0.45259467
                         0.03023997
#PSEUDOPOTENTIAL
Rn GTH-PBE-q8 GTH-PBE
    2    6
     0.57000000    1    16.20061781
    3  SOC
     0.63480802    3    -0.58199405     0.80312797     0.29738605
                                       -0.55313531    -0.76784748
                                                       0.60946004
     0.64710877    2     0.16927880     0.30517348
                                       -0.36108613
                         0.64375030    -0.05907890
                                        0.06990310
     0.80634271    1     0.51103874
                         0.03732898
#PSEUDOPOTENTIAL
Ac GTH-PBE-q11
    4    6    1
     0.49000000    2    50.86278137    -5.56775618
    4  SOC
     0.44384106    3    -0.55259847     0.36562397     0.25928729
                                       -0.05028771    -0.66947689
                                                       0.53138081
     0.41295605    3     5.60565848   -12.44607652     6.23145651
                                       25.10082107   -14.74631754
                                                      10.48028621
                         3.91242028    -7.34598586     2.66237628
                                       13.12433816    -6.30033219
                                                       4.47767956
     0.78831284    2     0.23978903     0.59309731
                                       -0.67250914
                         0.03667739    -0.00452836
                                        0.00513468
     0.33073367    1   -15.95176502
                         0.03132342
#PSEUDOPOTENTIAL
Ac GTH-PBE-q29
    6   12   11
     0.24500000    2   169.29361550    -8.10434686
    4  SOC
     0.18169972    3    -5.60439736    37.18754496   -22.25653646
                                      -84.20917336    57.46613003
                                                     -45.61232666
     0.18759093    3    -7.64352726     7.16510286    -4.96037917
                                      -16.73613886    11.73839956
                                                      -8.34254292
                        21.22252991   -27.68790106    12.15287793
                                       52.99345468   -28.75895818
                                                      20.43914436
     0.30637345    2     1.34627068    -1.80232651
                                        2.04364617
                        -0.05027721     0.44998869
                                       -0.51023922
     0.22824512    1     0.31138755
                         0.24879325
#PSEUDOPOTENTIAL
Th GTH-PBE-q12
    4    6    2
     0.49000000    2    49.55786674    -4.67207708
    4  SOC
     0.47719227    3    -1.54609024     0.60552239     0.52950749
                                        0.07951795    -1.36718245
                                                       1.08516743
     0.40325107    3     4.23867639    -8.43955358     4.30258971
                                       17.14897015   -10.18178561
                                                       7.23624912
                         4.75772053    -7.01713957     3.01597796
                                       13.32393485    -7.13710650
                                                       5.07237950
     0.76746894    2     0.21347167     0.59047854
                                       -0.66953973
                         0.03478725     0.00323217
                                       -0.00366493
     0.32932562    1   -16.52656902
                         0.03169487
#PSEUDOPOTENTIAL
Th GTH-PBE-q30
    6   12   12
     0.24500000    2   150.17650670   -10.79015291
    4  SOC
     0.18436526    3     6.60182674    24.82667391   -17.66431486
                                      -60.78210847    45.60906486
                                                     -36.20107295
     0.20655405    3     2.90515075     1.68676545    -1.08697871
                                       -3.80546158     2.57226111
                                                      -1.82811964
                        11.44740859    -5.25013473    -3.97448828
                                       -0.40487366     9.40535590
                                                      -6.68443640
     0.55016400    2     0.70703414    -0.46593421
                                        0.52831973
                         0.27713831    -0.19704555
                                        0.22342865
     0.26468612    1    -0.00859379
                         0.08437598
#PSEUDOPOTENTIAL
Pa GTH-PBE-q13
    4    6    1    2
     0.48500000    2    49.77782695    -4.30053945
    4  SOC
     0.44874423    3    -2.43863000     1.74395212     0.07202510
                                       -2.13428368    -0.18596800
                                                       0.14760752
     0.38796622    3     3.50631823    -8.02041241     3.95093319
                                       16.06758115    -9.34961439
                                                       6.64482061
                         5.46168367    -8.34690550     3.47934058
                                       15.66876321    -8.23362258
                                                       5.85167931
     0.72646559    2     0.37393007     0.46173976
                                       -0.52356367
                         0.04389862     0.00205702
                                       -0.00233245
     0.32684068    1   -16.76263558
                         0.03275845
#PSEUDOPOTENTIAL
Pa GTH-PBE-q31
    6   12   11    2
     0.24250000    2   150.19882800   -11.12938771
    4  SOC
     0.18605205    3     5.07903486    22.40141671   -15.44204321
                                      -54.03658977    39.87118412
                                                     -31.64677130
     0.20027122    3     2.86840165     4.15031405    -5.05059781
                                      -13.31919290    11.95189583
                                                      -8.49427586
                        14.80301974   -11.05517910     1.90624322
                                       16.25426855    -4.51099478
                                                       3.20598795
     0.54434590    2     0.77426912    -0.49954660
                                        0.56643260
                         0.28834071    -0.19914181
                                        0.22580559
     0.26125191    1    -0.11570212
                         0.08549848
#PSEUDOPOTENTIAL
U GTH-PBE-q14
    4    6    1    3
     0.48000000    2    48.87354675    -4.57722931
    4  SOC
     0.51499893    3    -0.73990759    -1.07065191     1.73529671
                                        4.20466597    -4.48051683
                                                       3.55629998
     0.41059364    3     3.52751886    -6.61726350     3.86441907
                                       14.26332017    -9.14488462
                                                       6.49931808
                         4.07214616    -4.23382451     1.41871672
                                        7.37147569    -3.35729652
                                                       2.38604847
     0.67842129    2     0.54138665     0.47808584
                                       -0.54209839
                         0.06154661    -0.00473957
                                        0.00537417
     0.32142444    1   -16.65721471
                         0.03551513
#PSEUDOPOTENTIAL
U GTH-PBE-q14_old
    4    6    1    3
     0.48000000    2    48.86182633    -4.59713581
    4  SOC
     0.51405537    3    -0.65017014    -1.15225083     1.84763553
                                        4.49272884    -4.77057442
                                                       3.78652606
     0.40934387    3     3.58555843    -6.88134873     4.03097788
                                       14.85308504    -9.53903470
                                                       6.77944264
                         4.13946448    -4.41470018     1.59048432
                                        7.87145752    -3.76377285
                                                       2.67493336
     0.67885536    2     0.53789816     0.48180765
                                       -0.54631852
                         0.06132316    -0.00468730
                                        0.00531490
     0.32134043    1   -16.65115610
                         0.03554891
#PSEUDOPOTENTIAL
U GTH-PBE-q32
    6   12   11    3
     0.24000000    2   151.02187550   -12.05891406
    4  SOC
     0.18451083    3     6.45135424    21.38433629   -15.12658774
                                      -52.21045623    39.05668160
                                                     -31.00027996
     0.21191696    3     3.72006430     1.75029297    -1.30654851
                                       -4.24617857     3.09185809
                                                      -2.19739997
                         9.06354743     0.43642879    -7.01046859
                                      -12.18775055    16.58979659
                                                     -11.79045657
     0.52782702    2     0.96820465    -0.63182672
                                        0.71642416
                         0.31518768    -0.21842699
                                        0.24767293
     0.25665503    1    -0.15828618
                         0.08867623
#PSEUDOPOTENTIAL
Np GTH-PBE-q15
    4    6    1    4
     0.47500000    2    47.17711220    -4.09308134
    4  SOC
     0.48369207    3    -1.30014321     0.61954051     0.64637991
                                        0.25151365    -1.66894576
                                                       1.32468463
     0.40142671    3     3.44726937    -4.41662851     2.29992159
                                        9.05484401    -5.44260785
                                                       3.86809031
                         4.62842528    -5.49771821     2.18632486
                                       10.14488537    -5.17378893
                                                       3.67703927
     0.68727669    2     0.38507600     0.54049482
                                       -0.61286352
                         0.05149446     0.00279180
                                       -0.00316560
     0.31619745    1   -16.93327340
                         0.03738437
#PSEUDOPOTENTIAL
Np GTH-PBE-q33
    6   12   11    4
     0.23750000    2   151.39125680   -12.82282941
    4  SOC
     0.18401127    3     7.33369457    20.33167549   -14.63754866
                                      -50.05605486    37.79398812
                                                     -29.99804809
     0.21205753    3     4.39597852     1.53903746    -1.47128562
                                       -4.27047986     3.48169724
                                                      -2.47446072
                         7.21389827     5.35215047   -11.95592974
                                      -26.23754947    28.29289367
                                                     -20.10790983
     0.51543337    2     1.15871234    -0.75460740
                                        0.85564436
                         0.33843345    -0.23277192
                                        0.26393855
     0.24971313    1    -0.21093255
                         0.09660532
#PSEUDOPOTENTIAL
Pu GTH-PBE-q16
    4    6    0    6
     0.47000000    2    47.05386065    -3.39784374
    4  SOC
     0.46598786    3    -2.27131898     1.35504929     0.56822623
                                       -0.82514108    -1.46715381
                                                       1.16451723
     0.37095949    3     2.12604787    -4.53511193     2.01122399
                                        8.71439802    -4.75942465
                                                       3.38254838
                         6.11369988    -9.49753692     4.31849466
                                       18.42727223   -10.21942357
                                                       7.26299862
     0.67138733    2     0.41632791     0.42152676
                                       -0.47796642
                         0.05426267     0.00503388
                                       -0.00570788
     0.31645669    1   -17.04937375
                         0.03815443
#PSEUDOPOTENTIAL
Pu GTH-PBE-q34
    6   12   10    6
     0.23500000    2   151.95017040   -12.95192448
    4  SOC
     0.17966939    3     8.83843700    21.41647102   -15.79253765
                                      -53.33510961    40.77615688
                                                     -32.36507116
     0.21630614    3     4.66845522     0.06752658     0.79026374
                                        1.23577007    -1.87010534
                                                       1.32909380
                         4.55153743    11.71123150   -15.58326342
                                      -39.80067301    36.87673187
                                                     -26.20848923
     0.50472158    2     1.22835902    -0.79838388
                                        0.90528222
                         0.36196951    -0.24803571
                                        0.28124605
     0.24734238    1    -0.31410592
                         0.09761850
#PSEUDOPOTENTIAL
Am GTH-PBE-q17
    4    6    0    7
     0.46500000    2    46.44887653    -3.30689271
    4  SOC
     0.46243064    3    -2.19968854     1.43425237     0.56205899
                                       -0.93742284    -1.45123007
                                                       1.15187816
     0.35059857    3     2.62463698    -5.50394626     3.23372903
                                       11.89602270    -7.65239956
                                                       5.43860102
                         7.86939707   -13.50815375     8.01388554
                                       29.32496031   -18.96431449
                                                      13.47803905
     0.65670875    2     0.41682240     0.43799579
                                       -0.49664054
                         0.05739867     0.00599389
                                       -0.00679643
     0.31134893    1   -17.37147973
                         0.04063134
#PSEUDOPOTENTIAL
Am GTH-PBE-q35
    6   12   10    7
     0.23250000    2   153.36102340   -13.56557120
    4  SOC
     0.18042891    3     8.20318779    20.67276239   -15.00963605
                                      -51.10159635    38.75471363
                                                     -30.76060032
     0.21067831    3     4.43905307     2.72665710    -2.33718712
                                       -7.11728430     5.53079418
                                                      -3.93076481
                         6.28345738     9.02380319   -14.30831416
                                      -34.49826887    33.85965124
                                                     -24.06423401
     0.49345528    2     1.37810717    -0.89158857
                                        1.01096641
                         0.38791432    -0.26455756
                                        0.29998007
     0.24177902    1    -0.38222766
                         0.10487220
#PSEUDOPOTENTIAL
Cm GTH-PBE-q18
    4    6    1    7
     0.46000000    2    44.45830128    -2.71887795
    4  SOC
     0.46326460    3    -2.16436562     1.49184357     0.65470856
                                       -0.86107822    -1.69045023
                                                       1.34175327
     0.39503633    3     1.25462181    -0.75701346     0.41004826
                                        1.57837822    -0.97035129
                                                       0.68963381
                         4.63017022    -4.53526957     1.63606985
                                        8.09001011    -3.87164791
                                                       2.75160073
     0.66912314    2     0.21991444     0.53681111
                                       -0.60868658
                         0.04399509     0.01666893
                                       -0.01890079
     0.30849011    1   -17.31871635
                         0.04277872
#PSEUDOPOTENTIAL
Cm GTH-PBE-q36
    6   12   11    7
     0.23000000    2   153.86693490   -14.51781101
    4  SOC
     0.17988987    3     9.56685306    20.12883276   -15.08850068
                                      -50.52765955    38.95834123
                                                     -30.92222472
     0.21586940    3     4.04269291     4.22682599    -3.87874356
                                      -11.45876445     9.17878255
                                                      -6.52340952
                         2.61726112    17.35830079   -19.77408755
                                      -53.45945855    46.79403184
                                                     -33.25676701
     0.47799309    2     1.71071732    -1.11919866
                                        1.26905199
                         0.42497987    -0.29261500
                                        0.33179422
     0.23572580    1    -0.36643270
                         0.11373604
#PSEUDOPOTENTIAL
Bk GTH-PBE-q19
    4    6    0    9
     0.45500000    2    44.64186925    -2.69685384
    4  SOC
     0.45375340    3    -2.34328551     1.81248829     0.54181679
                                       -1.45864725    -1.39896494
                                                       1.11039400
     0.32483862    3     2.58291606    -2.42067503     1.01693814
                                        4.55722823    -2.40651487
                                                       1.71032290
                         9.87871134   -19.66926291    11.39281840
                                       42.24029086   -26.96032904
                                                      19.16084907
     0.63190588    2     0.40787660     0.42192985
                                       -0.47842348
                         0.06207090     0.00936271
                                       -0.01061632
     0.30342938    1   -17.85867446
                         0.04528347
#PSEUDOPOTENTIAL
Bk GTH-PBE-q37
    6   12   10    9
     0.22750000    2   157.20358530   -15.01495194
    4  SOC
     0.17418124    3    10.89717621    22.11164905   -16.80972407
                                      -55.88703442    43.40252091
                                                     -34.44968298
     0.21045446    3     5.12438726     2.15881019    -2.43781778
                                       -6.61293349     5.76892980
                                                      -4.10000905
                         2.09461217    20.84537661   -24.03237727
                                      -64.67482526    56.87098453
                                                     -40.41851081
     0.46527745    2     1.79944113    -1.18965343
                                        1.34894020
                         0.46335347    -0.32401989
                                        0.36740402
     0.23449895    1    -0.44121587
                         0.11388315
#PSEUDOPOTENTIAL
Cf GTH-PBE-q20
    4    6    0   10
     0.45000000    2    42.65705689    -1.99079140
    4  SOC
     0.45169482    3    -2.49855036     2.04787296     0.58883859
                                       -1.68604659    -1.52037469
                                                       1.20676000
     0.38905456    3     0.49891279     0.78623141    -0.25770714
                                       -1.35932463     0.60984640
                                                      -0.43342108
                         4.24700230    -2.99977698    -0.38117409
                                        2.91478725     0.90202254
                                                      -0.64107221
     0.61157533    2     0.42969828     0.38649613
                                       -0.43824541
                         0.07041289     0.00934466
                                       -0.01059584
     0.30212964    1   -17.67294232
                         0.04703042
#PSEUDOPOTENTIAL
Cf GTH-PBE-q38
    6   12   10   10
     0.22500000    2   160.33879830   -16.13294644
    4  SOC
     0.17230981    3    11.50123620    21.48503767   -16.44505300
                                      -54.48494507    42.46094427
                                                     -33.70232969
     0.20728053    3     5.34829494     3.44973044    -3.74760122
                                      -10.32096060     8.86844313
                                                      -6.30284965
                         2.79911122    20.50222782   -23.83324173
                                      -63.93727583    56.39974383
                                                     -40.08359755
     0.45814869    2     2.00378277    -1.30119439
                                        1.47541575
                         0.48753867    -0.33620831
                                        0.38122439
     0.22750377    1    -0.47067063
                         0.12707295
#PSEUDOPOTENTIAL
Es GTH-PBE-q21
    4    6    0   11
     0.44500000    2    41.36910069    -1.61553886
    4  SOC
     0.44921419    3    -2.46227013     2.14705560     0.63813182
                                       -1.73391539    -1.64764927
                                                       1.30778106
     0.38141624    3     0.15381370     1.99990725    -1.20441633
                                       -4.37149168     2.85016925
                                                      -2.02563042
                         4.66831727    -3.62211785    -0.04070515
                                        4.21797978     0.09632596
                                                      -0.06845937
     0.60081899    2     0.42659115     0.37379402
                                       -0.42384258
                         0.07339699     0.01029864
                                       -0.01167756
     0.29832735    1   -17.84920902
                         0.04959787
#PSEUDOPOTENTIAL
Es GTH-PBE-q39
    6   12   10   11
     0.22250000    2   161.00235540   -16.65689444
    4  SOC
     0.16861568    3    13.86620129    22.35885774   -17.79750045
                                      -57.81279786    45.95294855
                                                     -36.47402216
     0.20657960    3     5.66510506     3.88441746    -4.00029016
                                      -11.25597775     9.46641428
                                                      -6.72783092
                         1.63283323    24.22174965   -26.23435731
                                      -72.33576466    62.08182036
                                                     -44.12187952
     0.44738123    2     2.26690718    -1.47855560
                                        1.67652446
                         0.52506665    -0.36374151
                                        0.41244410
     0.22782525    1    -0.45755416
                         0.12301067
#PSEUDOPOTENTIAL
Fm GTH-PBE-q22
    4    6    0   12
     0.44000000    2    39.77442009    -1.22954559
    4  SOC
     0.45062121    3    -2.25056366     1.91752152     0.91244626
                                       -0.99141569    -2.35592611
                                                       1.86995838
     0.37569626    3    -0.12292150     3.27197765    -2.11397661
                                       -7.39090483     5.00258172
                                                      -3.55536141
                         4.99058471    -3.94922513     0.22532785
                                        5.04792270    -0.53322301
                                                       0.37896443
     0.59902206    2     0.34962852     0.41940397
                                       -0.47555941
                         0.06938937     0.01470970
                                       -0.01667923
     0.29487420    1   -17.88838894
                         0.05227368
#PSEUDOPOTENTIAL
Fm GTH-PBE-q40
    6   12   10   12
     0.22000000    2   163.79147600   -17.49470258
    4  SOC
     0.16722316    3    14.00235465    22.69632840   -18.01552322
                                      -58.60308468    46.51588094
                                                     -36.92083590
     0.20302705    3     5.74975378     5.38216141    -5.92530072
                                      -16.23298131    14.02182072
                                                      -9.96538247
                         1.30105397    26.90725079   -29.36208518
                                      -80.72048237    69.48337541
                                                     -49.38220401
     0.44045308    2     2.45856295    -1.58020240
                                        1.79178110
                         0.55270700    -0.37863420
                                        0.42933083
     0.22281579    1    -0.48883806
                         0.13278234
#PSEUDOPOTENTIAL
Md GTH-PBE-q23
    4    6    0   13
     0.43500000    2    38.62992726    -1.08247653
    4  SOC
     0.44976970    3    -2.00304598     1.79624795     1.05832457
                                       -0.59758109    -2.73258229
                                                       2.16891995
     0.43071097    3    -0.04514858     1.16684513    -0.22635812
                                       -1.75748152     0.53566107
                                                      -0.38069717
                         2.00506149     0.97125918    -2.21993589
                                       -4.84506405     5.25332713
                                                      -3.73356750
     0.58425155    2     0.37529137     0.43167387
                                       -0.48947216
                         0.07747852     0.01198593
                                       -0.01359077
     0.29044722    1   -18.06344708
                         0.05547731
#PSEUDOPOTENTIAL
Md GTH-PBE-q41
    6   12   10   13
     0.21750000    2   164.84178560   -17.72713303
    4  SOC
     0.16451875    3    15.18118318    24.04917018   -19.32054140
                                      -62.47220814    49.88542339
                                                     -39.59532730
     0.20313527    3     5.79843419     5.63524451    -5.47750817
                                      -15.78692695    12.96215013
                                                      -9.21226895
                         0.94757291    27.96942011   -28.64095471
                                      -80.77668578    67.77686925
                                                     -48.16938102
     0.42748516    2     2.72674274    -1.79169651
                                        2.03159289
                         0.60657742    -0.42465154
                                        0.48150959
     0.21769826    1    -0.55790731
                         0.14408460
#PSEUDOPOTENTIAL
No GTH-PBE-q24
    4    6    0   14
     0.43000000    2    37.58090142    -0.67005129
    4  SOC
     0.44556594    3    -2.06739131     1.85889273     1.22826091
                                       -0.40205367    -3.17135603
                                                       2.51718581
     0.44053299    3    -0.24703264     1.14977253    -0.13673728
                                       -1.58807591     0.32357945
                                                      -0.22996964
                         1.66627053     1.37900177    -2.06102523
                                       -5.06294958     4.87727588
                                                      -3.46630587
     0.58685336    2     0.28132974     0.45492737
                                       -0.51583915
                         0.06912608     0.01928616
                                       -0.02186845
     0.28747796    1   -18.24347081
                         0.05829061
#PSEUDOPOTENTIAL
No GTH-PBE-q42
    6   12   10   14
     0.21500000    2   164.49178550   -17.49236577
    4  SOC
     0.16501453    3    13.99527229    25.39710570   -19.88371932
                                      -65.12839436    51.33954253
                                                     -40.74949858
     0.20043639    3     4.50131504    10.07888376    -9.44399224
                                      -27.64830288    22.34856462
                                                     -15.88324359
                         0.32821413    31.17757768   -32.02668964
                                      -90.20936132    75.78898043
                                                     -53.86363100
     0.43403789    2     2.62261276    -1.59475356
                                        1.80828056
                         0.58429835    -0.37617265
                                        0.42653969
     0.21793802    1    -0.68417292
                         0.14030838
#PSEUDOPOTENTIAL
Lr GTH-PBE-q25
    4    7    0   14
     0.42500000    2    36.54066192    -0.00767878
    4  SOC
     0.43955777    3    -2.32658221     2.05020483     1.43364824
                                       -0.31497401    -3.70166384
                                                       2.93810459
     0.39882431    3    -0.77935366     3.19652746    -0.87079739
                                       -5.23192716     2.06068274
                                                      -1.46453817
                         3.22293293    -0.12978470    -1.62340912
                                       -2.54916527     3.84168715
                                                      -2.73030746
     0.55846666    2     0.34401143     0.42048558
                                       -0.47678583
                         0.08747864     0.01841340
                                       -0.02087883
     0.28431075    1   -18.65156321
                         0.06138781
#PSEUDOPOTENTIAL
Lr GTH-PBE-q43
    6   13   10   14
     0.21250000    2   170.63112790   -19.14775592
    4  SOC
     0.15729110    3    16.72930484    29.90547543   -23.91335183
                                      -77.50287243    61.74400893
                                                     -49.00778777
     0.18921395    3     9.61249475     0.70562193    -0.89206691
                                       -2.32005848     2.11101562
                                                      -1.50031001
                        -0.81362725    41.86341114   -44.09515589
                                     -122.94516578   104.34818412
                                                     -74.16080878
     0.50058902    2     1.64930176    -0.13507301
                                        0.15315840
                         0.36556112    -0.00830132
                                        0.00941281
     0.22891982    1    -0.78476961
                         0.11316212
#PSEUDOPOTENTIAL
B GTH-PBESOL-q3
    2    1
     0.42188166    2    -5.99194495     0.94658199
    2  SOC
     0.37186069    1     6.29208376
     0.36287582    1     0.00000000
                         0.00086825
#PSEUDOPOTENTIAL
